83831
83833
81632
86815
85129
83170
81540
80175
83799
84386
86507
85410
118637
83176
82875
83964
90328
84917
83964
81093
85934
85772
87762
88253
84068
84022
85583
87645
82468
77762
86985
84342
83526
83464
85046
81524
84052
84236
84201
86536
80813
84674
84470
84014
83762
83604
85520
82160
84181
87347
83221
85866
84079
84095
84361
81670
86114
77008
84353
85428
114559
80194
87821
83673
80651
84661
83921
83162
83888
81270
88211
84271
80839
83850
83832
83901
90315
84206
76415
84295
84191
79223
84731
83991
78726
83710
84444
81750
84188
83565
79427
106719
82308
86908
83988
88279
84837
83038
87765
84271
88375
125781
84910
85945
89918
82657
87031
83512
117031
86033
84824
76955
80084
87257
82064
85131
82195
82420
86491
82075
85971
84457
81958
86849
82933
84181
84194
86539
78549
75885
85468
84361
87320
84365
83620
82830
83293
84858
82614
89098
82404
85609
82297
82911
86866
88258
83928
85236
96546
100047
81609
91201
84580
87331
83578
84853
81100
85272
84693
83720
83026
80161
85090
84242
85086
84326
84741
84255
85486
80758
82459
75700
84882
84576
88811
83946
82458
82919
83789
84183
81808
84533
84624
83183
82213
84819
85052
88591
86849
84947
87726
83686
84742
83606
83618
83442
84954
88192
84990
83724
