173391
163307
171170
163124
171157
165183
166135
173986
156118
171819
165607
163633
162832
162420
159621
165691
172868
162897
162394
163424
171805
159570
170651
163869
166214
163607
159661
164724
165943
162739
169097
160015
164558
162616
173728
168780
169508
165326
165213
163827
164045
164765
165449
165918
163324
166071
163532
171632
169810
172901
173730
161800
173893
167546
163409
172260
162699
171316
160702
163797
160283
171694
161531
168951
169332
162948
164227
157466
166095
161964
163218
163408
168649
162514
158715
162472
162756
163340
173111
162398
169758
161651
160470
173022
172227
168229
164310
161549
168515
164772
159437
164457
170791
159000
171011
171070
162940
170213
161026
172231
